
 Breakpoint densities for parameter arg
0	0.01362
100	0.00677
200	0.00614
300	0.00603
400	0.00442
500	0.00461
600	0.00492
700	0.00478
800	0.00413
900	0.00419
1000	0.00467
1100	0.00455
1200	0.00444
1300	0.00427
1400	0.00438
1500	0.00415
1600	0.00427
1700	0.00415
1800	0.0048
1900	0.07081
2000	0.02572
2100	0.00666
2200	0.00654
2300	0.00603
2400	0.00496
2500	0.00501
2600	0.0049
2700	0.00626
2800	0.0061
2900	0.00578
3000	0.00842
3100	0.00901
3200	0.00811
3300	0.00966
3400	0.00915
3500	0.00955
3600	0.00938
3700	0.00903
3800	0.01022
3900	0.011
4000	0.0097
4100	0.0076
4200	0.00599
4300	0.00735
4400	0.00635
4500	0.00612
4600	0.00551
4700	0.00503
4800	0.0054
4900	0.00484
5000	0.00476
5099	0.00432
5199	0.00436
5299	0.00425
5399	0.00429
5499	0.00476
5599	0.00484
5699	0.00436
5799	0.00446
5899	0.00465
5999	0.00432
6099	0.00631
6199	0.0067
6299	0.00792
6399	0.00968
6499	0.00758
6599	0.00589
6699	0.00574
6799	0.0061
6899	0.00675
6999	0.00836
7099	0.01288
7199	0.00901
7299	0.01257
7399	0.0235
7499	0.02836
7599	0.02543
7699	0.02093
7799	0.03149
7899	0.03739
7999	0.0335
8099	0.02642
8199	0.0049
8299	0.00469
8399	0.00549
8499	0.00547
8599	0.00959
8699	0.01094
8799	0.0107
8899	0.00928
8999	0.00913
9099	0.00817
9199	0.00905
9299	0.00943
9399	0.00865
9499	0.08201
9599	0.01202
9699	0.00469
9799	0.00369
9899	0.00476
Count : 47736

