
# Histogram of root heights across sites : 
0	0.548366	0.63273	0.7592760000000001	1.8331685509425912	3.0581950000000004	3.7541980000000006	4.703293
10	0.548366	0.63273	0.7592760000000001	1.8384145517090247	3.0898315000000003	3.7541980000000006	4.872021
20	0.548366	0.63273	0.7592760000000001	1.8378140531511684	3.0898315000000003	3.7541980000000006	4.872021
30	0.548366	0.63273	0.7592760000000001	1.8353699959638041	3.0898315000000003	3.7541980000000006	4.872021
40	0.548366	0.63273	0.7592760000000001	1.8352161673005072	3.0898315000000003	3.8491075000000006	4.872021
50	0.552755	0.6301407	0.7628019	1.8423143716143315	3.1396484	3.869285	5.1848419
60	0.552755	0.6301407	0.7628019	1.8482574008597883	3.1617586	3.8913952	5.1848419
70	0.552755	0.6301407	0.7628019	1.849411738616142	3.1728137	3.8913952	5.1848419
80	0.552755	0.6301407	0.7628019	1.8503350098390299	3.1728137	3.869285	4.8752991
90	0.552755	0.6190856	0.7628019	1.843589821980963	3.1728137	3.869285	4.8752991
100	0.552755	0.6190856	0.7628019	1.851258031577281	3.1949239	3.8913952	5.1848419
110	0.552755	0.6190856	0.7628019	1.8490840963123045	3.1949239	3.869285	5.1848419
120	0.552755	0.6190856	0.7628019	1.8542753123754656	3.205979	3.8913952	5.1848419
130	0.552755	0.6190856	0.7628019	1.8532416586889664	3.205979	3.8913952	5.1848419
140	0.552755	0.6190856	0.7628019	1.85524454940231	3.2501994	3.8913952	5.1848419
150	0.552755	0.6190856	0.7628019	1.8577923353870773	3.2833647	3.8913952	5.1848419
160	0.552755	0.6190856	0.7628019	1.8554852320542443	3.2833647	3.8913952	5.1848419
170	0.552755	0.6190856	0.7628019	1.8496863152323983	3.2501994	3.869285	5.1848419
180	0.552755	0.6190856	0.7628019	1.8489429197935205	3.2501994	3.869285	5.1848419
190	0.552755	0.6190856	0.7628019	1.849842695750716	3.2501994	3.869285	5.1848419
200	0.552755	0.6301407	0.773857	1.8502001656063607	3.2501994	3.869285	5.1848419
210	0.552755	0.6301407	0.773857	1.854963076500646	3.2833647	3.8913952	5.1848419
220	0.552755	0.6301407	0.773857	1.8557062809826983	3.2833647	3.8913952	5.1848419
230	0.552755	0.6301407	0.773857	1.856629476344505	3.2833647	3.8913952	5.1848419
240	0.552755	0.6301407	0.773857	1.856629476344505	3.2833647	3.8913952	5.1848419
250	0.552755	0.6190856	0.773857	1.8638385655422551	3.3275851	4.0682768	5.2511725
260	0.552755	0.6190856	0.773857	1.8638385655422551	3.3275851	4.0682768	5.2511725
270	0.552755	0.6190856	0.773857	1.8666903016030234	3.3275851	4.0682768	5.2511725
280	0.552755	0.6190856	0.773857	1.8658193441818314	3.3275851	4.0682768	5.2511725
290	0.552755	0.6190856	0.773857	1.8675430341902401	3.3275851	4.0682768	5.2511725
300	0.552755	0.6190856	0.773857	1.8643592991178344	3.2833647	4.0130013	5.2511725
310	0.552755	0.6190856	0.773857	1.8653735263656157	3.2833647	4.0130013	5.2511725
320	0.552755	0.6301407	0.773857	1.8674331661424386	3.2833647	4.0130013	5.2511725
330	0.552755	0.6301407	0.773857	1.8670516663509407	3.2833647	4.0130013	5.2511725
340	0.552755	0.6301407	0.773857	1.8667982936684115	3.2833647	4.0130013	5.2511725
350	0.552755	0.6301407	0.773857	1.8678240005540943	3.2833647	4.0130013	5.2511725
360	0.552755	0.6190856	0.773857	1.8665995385188572	3.2833647	4.0130013	5.2511725
370	0.552755	0.6190856	0.773857	1.8641703824891944	3.2501994	4.0130013	5.2511725
380	0.552755	0.6190856	0.773857	1.865841887889445	3.2501994	4.0130013	5.2511725
390	0.552755	0.6190856	0.773857	1.86390067279642	3.2501994	4.0130013	5.2511725
400	0.552755	0.6190856	0.773857	1.86053182794013	3.2501994	4.0130013	5.2511725
410	0.552755	0.6190856	0.773857	1.8584792960532903	3.2501994	4.0130013	5.2511725
420	0.552755	0.6190856	0.773857	1.8555557698957301	3.2501994	4.0130013	5.2511725
430	0.552755	0.6190856	0.773857	1.8570279651383914	3.2501994	3.9577258	5.2511725
440	0.552755	0.6190856	0.773857	1.8514068850829994	3.2391443	3.9577258	5.2511725
450	0.552755	0.6190856	0.773857	1.8509102852606005	3.2391443	3.9577258	5.2511725
460	0.552755	0.6190856	0.773857	1.8516836419763831	3.2501994	4.0130013	5.2511725
470	0.5306448	0.6190856	0.773857	1.8512512991719428	3.2501994	4.0130013	5.2511725
480	0.5306448	0.6190856	0.773857	1.8529284038904315	3.2501994	3.9577258	5.2511725
490	0.5306448	0.6190856	0.773857	1.849000271897654	3.2501994	3.9577258	5.2511725
500	0.5306448	0.6190856	0.773857	1.8417493410789816	3.2501994	3.869285	4.8531889
510	0.5306448	0.6190856	0.773857	1.8384492478383818	3.2501994	3.869285	4.8531889
520	0.5306448	0.6190856	0.773857	1.8315864013508345	3.2280892	3.869285	4.8531889
530	0.5306448	0.6190856	0.7628019	1.8294037496373345	3.205979	3.8471748	4.8531889
540	0.5306448	0.6190856	0.7628019	1.828294108289265	3.205979	3.8471748	4.8531889
550	0.5306448	0.6190856	0.7628019	1.8276314369665017	3.205979	3.8471748	4.8531889
560	0.5306448	0.6190856	0.7628019	1.824504869231598	3.1949239	3.758734	4.6984175
570	0.5306448	0.6190856	0.7628019	1.8239898166717075	3.1949239	3.7366238	4.6320869
580	0.5306448	0.6190856	0.7628019	1.8300478793650883	3.1949239	3.758734	4.6541971
590	0.5240312	0.6193096	0.774137	1.8371846563779828	3.2037362	3.7277674	4.6924612
600	0.5240312	0.6073998	0.774137	1.8357235204547235	3.1918264	3.7277674	4.6924612
610	0.5240312	0.6073998	0.774137	1.8336678317127098	3.1918264	3.7277674	4.6924612
620	0.5240312	0.6073998	0.774137	1.8328798123587542	3.1918264	3.7277674	4.6924612
630	0.5240312	0.6073998	0.774137	1.8335298784854437	3.1918264	3.7158576	5.180763
640	0.5478508	0.6312194	0.774137	1.8332222941957108	3.1918264	3.692038	4.6924612
650	0.5478508	0.6312194	0.774137	1.8363361935089337	3.1918264	3.7277674	4.704371
660	0.5478508	0.6312194	0.774137	1.8304671734330673	3.1799166	3.7158576	4.704371
670	0.5478508	0.6312194	0.774137	1.8260601086283588	3.1799166	3.7158576	4.704371
680	0.5478508	0.6312194	0.774137	1.8233166487399994	3.1799166	3.7158576	4.704371
690	0.5478508	0.6312194	0.774137	1.8185537378457146	3.1680068	3.692038	4.704371
700	0.5478508	0.6312194	0.774137	1.8148955997281169	3.1680068	3.692038	4.6924612
710	0.5478508	0.6312194	0.774137	1.8141044080309763	3.1441872	3.6801282	4.6924612
720	0.5478508	0.6312194	0.774137	1.8178958272117565	3.1680068	3.6801282	4.6924612
730	0.5478508	0.6312194	0.774137	1.8204751165478443	3.1441872	3.6801282	4.704371
740	0.5478508	0.6312194	0.774137	1.8195512243799583	3.1441872	3.6801282	4.704371
750	0.5478508	0.6312194	0.774137	1.8152114122952294	3.1441872	3.6801282	4.704371
760	0.5478508	0.6312194	0.774137	1.8171190315218742	3.1441872	3.6801282	4.9663866
770	0.5478508	0.6312194	0.774137	1.8201143696213553	3.1441872	3.6801282	4.9663866
780	0.5478508	0.6312194	0.774137	1.8185669590180724	3.1441872	3.6801282	4.9663866
790	0.5478508	0.6312194	0.774137	1.8243051493824491	3.1680068	3.692038	4.9663866
800	0.5478508	0.6312194	0.774137	1.823523733676444	3.1680068	3.692038	4.9663866
810	0.5517312	0.632192	0.7701248	1.8111079444241789	3.1149824	3.678208	4.7012096
820	0.5517312	0.632192	0.7701248	1.8180495380584059	3.1379712	3.6897024	4.7012096
830	0.5517312	0.632192	0.7701248	1.8185029205787833	3.1379712	3.6897024	4.7012096
840	0.5517312	0.6436864	0.7701248	1.8215755403016862	3.1839488	3.7011968	4.7012096
850	0.5517312	0.6436864	0.7701248	1.8150946777271415	3.1724544	3.6897024	4.7012096
860	0.5517312	0.6436864	0.7701248	1.8087561196294761	3.1379712	3.678208	4.6322432000000004
870	0.5517312	0.6436864	0.7701248	1.8052853750474511	3.1379712	3.678208	4.6322432000000004
880	0.5517312	0.6436864	0.7701248	1.811630811034715	3.1724544	3.678208	4.6322432000000004
890	0.5517312	0.6436864	0.7701248	1.8068714782794966	3.1724544	3.678208	4.5862656
900	0.5517312	0.6551808	0.7816192	1.8104639431321952	3.1724544	3.6897024	4.6322432000000004
910	0.5517312	0.6551808	0.7816192	1.8102555761040184	3.1379712	3.6897024	4.6322432000000004
920	0.5517312	0.6551808	0.7816192	1.8146933743161147	3.1379712	3.6897024	4.6322432000000004
930	0.5517312	0.6551808	0.7816192	1.8068344630301358	3.1149824	3.678208	4.5862656
940	0.527275	0.6432755000000001	0.7698215	1.7973999022289968	3.121468	3.6803795000000004	4.4818375
950	0.527275	0.6432755000000001	0.7698215	1.798667895478791	3.121468	3.6803795000000004	4.4818375
960	0.527275	0.6432755000000001	0.7698215	1.7974548512486515	3.121468	3.6803795000000004	4.4818375
970	0.5167295000000001	0.6432755000000001	0.7698215	1.796648390815823	3.1003770000000004	3.6803795000000004	4.4818375
980	0.5167295000000001	0.6432755000000001	0.7698215	1.7946021349313537	3.079286	3.6803795000000004	4.4818375
990	0.5167295000000001	0.6432755000000001	0.7698215	1.795387219845943	3.079286	3.6803795000000004	4.4818375

 Mean marginal tree height across sites 
0	1.8331685509425912
10	1.8384145517090247
20	1.8378140531511684
30	1.8353699959638041
40	1.8352161673005072
50	1.8423143716143315
60	1.8482574008597883
70	1.849411738616142
80	1.8503350098390299
90	1.843589821980963
100	1.851258031577281
110	1.8490840963123045
120	1.8542753123754656
130	1.8532416586889664
140	1.85524454940231
150	1.8577923353870773
160	1.8554852320542443
170	1.8496863152323983
180	1.8489429197935205
190	1.849842695750716
200	1.8502001656063607
210	1.854963076500646
220	1.8557062809826983
230	1.856629476344505
240	1.856629476344505
250	1.8638385655422551
260	1.8638385655422551
270	1.8666903016030234
280	1.8658193441818314
290	1.8675430341902401
300	1.8643592991178344
310	1.8653735263656157
320	1.8674331661424386
330	1.8670516663509407
340	1.8667982936684115
350	1.8678240005540943
360	1.8665995385188572
370	1.8641703824891944
380	1.865841887889445
390	1.86390067279642
400	1.86053182794013
410	1.8584792960532903
420	1.8555557698957301
430	1.8570279651383914
440	1.8514068850829994
450	1.8509102852606005
460	1.8516836419763831
470	1.8512512991719428
480	1.8529284038904315
490	1.849000271897654
500	1.8417493410789816
510	1.8384492478383818
520	1.8315864013508345
530	1.8294037496373345
540	1.828294108289265
550	1.8276314369665017
560	1.824504869231598
570	1.8239898166717075
580	1.8300478793650883
590	1.8371846563779828
600	1.8357235204547235
610	1.8336678317127098
620	1.8328798123587542
630	1.8335298784854437
640	1.8332222941957108
650	1.8363361935089337
660	1.8304671734330673
670	1.8260601086283588
680	1.8233166487399994
690	1.8185537378457146
700	1.8148955997281169
710	1.8141044080309763
720	1.8178958272117565
730	1.8204751165478443
740	1.8195512243799583
750	1.8152114122952294
760	1.8171190315218742
770	1.8201143696213553
780	1.8185669590180724
790	1.8243051493824491
800	1.823523733676444
810	1.8111079444241789
820	1.8180495380584059
830	1.8185029205787833
840	1.8215755403016862
850	1.8150946777271415
860	1.8087561196294761
870	1.8052853750474511
880	1.811630811034715
890	1.8068714782794966
900	1.8104639431321952
910	1.8102555761040184
920	1.8146933743161147
930	1.8068344630301358
940	1.7973999022289968
950	1.798667895478791
960	1.7974548512486515
970	1.796648390815823
980	1.7946021349313537
990	1.795387219845943

